0, 15.183377
1, 15.160974
2, 15.935485
3, 15.171337
4, 15.171595
5, 15.165132
6, 15.166687
7, 16.066583
8, 15.161755
9, 15.190230
10, 15.156799
11, 15.217177
12, 15.167722
13, 15.165132
14, 15.164873
15, 15.186175
16, 15.166687
17, 15.173397
18, 15.174426
19, 16.957929
20, 15.162276
21, 15.176992
22, 15.166946
23, 15.164095
24, 15.205041
25, 15.190734
26, 15.161494
27, 15.173910
28, 15.168497
29, 15.159410
30, 15.179294
31, 15.165391
32, 15.166169
33, 15.159671
34, 15.171079
35, 15.175452
36, 15.224535
37, 15.154442
38, 15.168498
39, 15.174168
40, 15.173139
41, 15.274117
42, 15.172110
43, 15.169531
44, 15.156276
45, 15.200045
46, 15.170306
47, 15.158106
48, 15.165392
49, 15.241738
50, 15.173140
51, 15.176991
52, 15.173911
53, 15.194520
54, 15.200295
55, 15.156276
56, 15.173140
57, 15.178272
58, 15.180062
59, 15.166953
60, 15.172631
61, 15.188464
62, 15.229174
63, 15.170827
64, 15.187195
65, 15.168502
66, 16.008499
67, 15.169019
68, 15.189221
69, 15.159935
70, 15.162278
71, 15.221112
72, 15.168759
73, 15.153659
74, 15.165912
75, 15.186177
76, 15.178786
77, 15.166948
78, 15.171597
79, 15.195780
80, 15.174941
81, 15.167983
82, 15.146550
83, 15.206537
84, 15.176993
85, 15.177761
86, 15.182360
87, 15.182105
88, 15.202797
89, 15.180319
90, 15.172627
91, 15.167206
92, 15.237165
93, 15.160464
94, 15.164364
95, 15.164362
96, 15.205547
97, 15.176230
98, 15.201553
99, 15.164101
100, 15.210266
101, 15.167210
102, 15.165915
103, 15.175970
104, 15.172115
105, 15.221603
106, 15.174172
107, 15.159415
108, 15.174429
109, 15.203049
110, 15.166949
111, 15.176995
112, 15.163318
113, 15.220130
114, 15.172628
115, 15.163578
116, 15.162278
117, 15.172628
118, 15.174428
119, 15.171340
120, 15.163318
121, 15.172628
122, 15.256997
123, 15.155755
124, 15.168759
125, 15.188460
126, 15.246533
127, 15.159413
128, 15.208526
129, 15.151032
130, 15.198794
131, 15.170050
132, 15.163577
133, 15.169017
134, 15.179553
135, 15.237166
136, 15.179553
137, 15.164097
138, 15.163837
139, 15.202798
140, 15.157324
141, 15.170050
142, 15.171082
143, 15.216934
144, 15.170050
145, 15.160195
146, 15.173142
147, 15.179553
148, 15.164097
149, 15.185161
150, 15.164616
151, 15.172627
152, 15.184144
153, 15.165653
154, 15.756402
155, 15.161497
156, 15.214468
157, 15.163837
158, 15.182106
159, 15.163577
160, 15.238813
161, 15.159375
162, 15.186396
163, 15.184112
164, 15.216168
165, 15.173117
166, 15.177482
167, 15.168997
168, 15.166929
169, 15.195762
170, 15.183364
171, 15.171582
172, 15.174156
173, 15.185148
174, 15.164084
175, 15.163306
176, 15.175187
177, 15.301860
178, 15.173389
179, 15.160446
180, 15.155222
181, 15.169008
182, 15.198535
183, 15.171332
184, 15.162790
185, 15.158362
186, 15.183118
187, 15.163830
188, 15.175191
189, 15.175448
190, 17.447754
191, 15.617372
192, 15.793875
193, 15.628366
194, 15.746018
195, 15.858937
196, 15.717766
197, 15.171344
198, 15.623632
199, 15.701667
200, 15.810478
201, 15.606931
202, 15.159674
203, 15.853473
204, 15.741794
205, 15.703936
206, 15.680668
207, 15.652236
208, 15.567655
209, 15.618037
210, 15.720888
211, 15.670706
212, 15.648563
213, 15.950496
214, 15.205290
215, 15.164613
216, 15.934404
217, 15.892691
218, 16.191058
219, 15.179039
220, 15.965751
221, 15.930068
222, 15.703933
223, 15.791663
224, 15.769096
225, 15.164872
226, 15.582968
227, 15.825726
228, 15.705600
229, 15.602754
230, 15.841677
231, 15.770373
232, 15.632606
233, 15.626738
234, 15.630165
235, 15.604926
236, 15.173140
237, 15.732131
238, 15.661118
239, 15.818063
240, 15.720292
241, 15.226489
242, 15.823179
243, 15.686226
244, 15.759982
245, 15.613409
246, 15.664743
247, 15.601243
248, 15.758694
249, 15.749917
250, 16.057062
251, 15.694814
252, 15.713721
253, 16.046913
254, 15.729479
255, 15.710269
256, 15.743538
257, 15.633416
258, 15.741354
259, 15.776722
260, 15.750206
261, 15.651915
262, 15.655098
263, 15.985355
264, 15.754531
265, 15.806385
266, 15.822238
267, 15.817251
268, 15.819411
269, 15.668983
270, 15.776300
271, 15.739458
272, 15.794293
273, 15.599060
274, 15.719994
275, 15.689302
276, 15.706352
277, 15.180061
278, 15.701965
279, 15.770371
280, 15.914500
281, 15.974909
282, 15.907365
283, 15.653030
284, 15.757547
285, 16.939759
286, 15.862678
287, 15.698471
288, 15.766541
289, 15.811561
290, 15.768813
291, 15.579204
292, 15.622642
293, 15.692061
294, 15.768103
295, 15.194519
296, 15.175216
297, 15.915621
298, 15.738160
299, 15.775189
300, 15.607442
301, 15.624458
302, 15.811980
303, 15.713281
304, 15.751082
305, 15.230877
306, 15.717617
307, 15.755257
308, 15.167728
309, 15.718361
310, 15.670085
311, 15.697259
312, 15.632771
313, 15.174429
314, 15.655103
315, 15.785690
316, 15.716866
317, 15.678499
318, 15.742523
319, 15.626904
320, 15.749053
321, 15.766260
322, 15.577320
323, 15.597719
324, 15.618863
325, 15.701968
326, 15.698779
327, 15.659698
328, 15.773766
329, 15.179272
330, 15.707989
331, 15.781054
332, 15.641001
333, 15.164597
334, 15.675373
335, 15.213712
336, 15.694802
337, 15.638103
338, 15.729911
339, 15.825584
340, 15.745855
341, 15.865121
342, 15.959202
343, 15.164866
344, 15.179800
345, 15.734769
346, 15.606256
347, 15.183882
348, 15.663164
349, 15.634386
350, 15.160189
351, 15.643750
352, 16.004803
353, 15.628204
354, 15.902536
355, 15.679268
356, 15.185664
357, 15.668510
358, 15.720587
359, 15.883500
360, 15.181080
361, 15.170819
362, 15.728000
363, 15.668824
364, 15.891819
365, 15.586553
366, 15.823317
367, 15.674768
368, 15.828539
369, 15.281995
370, 15.603255
371, 15.786942
372, 15.666317
373, 15.780094
374, 15.213231
375, 15.790971
376, 15.808023
377, 15.672581
378, 15.636820
379, 15.184904
380, 15.749050
381, 15.162795
382, 15.711020
383, 15.190734
384, 15.852035
385, 15.731246
386, 15.169789
387, 18.072319
388, 15.912660
389, 15.852165
390, 15.172366
391, 15.926562
392, 15.558420
393, 15.803512
394, 15.196783
395, 15.556142
396, 15.687764
397, 15.649049
398, 15.153399
399, 15.602420
400, 15.658117
401, 15.727711
402, 15.803516
403, 15.222091
404, 15.612085
405, 15.170823
406, 15.748329
407, 15.707108
408, 15.935726
409, 15.689303
410, 15.757118
411, 15.174169
412, 15.695883
413, 15.717908
414, 15.537733
415, 15.814276
416, 15.894819
417, 15.580233
418, 15.628370
419, 15.689763
420, 15.770513
421, 15.177247
422, 15.737851
423, 15.614899
424, 15.766826
425, 15.672112
426, 15.884514
427, 15.669296
428, 15.155490
429, 15.751506
430, 15.620506
431, 15.167466
432, 15.659065
433, 15.992412
434, 15.709368
435, 15.793327
436, 15.723563
437, 15.757118
438, 15.771787
439, 15.730806
440, 15.161496
441, 15.164354
442, 15.744266
443, 16.026630
444, 15.197035
445, 16.014170
446, 15.791248
447, 16.139065
448, 15.632117
449, 15.694814
450, 15.172882
451, 15.795813
452, 15.742520
453, 15.644718
454, 15.159150
455, 15.763552
456, 15.686226
457, 15.839563
458, 15.165391
459, 15.656527
460, 15.656051
461, 15.732718
462, 15.885272
463, 15.949550
464, 15.713271
465, 15.788475
466, 15.859708
467, 15.711023
468, 16.755671
469, 15.714772
470, 15.680669
471, 15.603255
472, 15.709067
473, 17.975714
474, 15.931518
475, 15.681906
476, 15.620837
477, 15.626248
478, 15.666788
479, 15.756688
480, 15.803651
481, 15.786245
482, 15.704540
483, 15.692369
484, 15.678186
485, 15.674765
486, 15.742958
487, 15.611088
488, 15.886912
489, 15.605260
490, 15.701207
491, 15.692063
492, 15.815901
493, 15.673674
494, 15.166946
495, 15.156015
496, 15.730953
497, 15.828804
498, 15.668043
499, 15.765547
500, 15.641341
501, 15.766542
502, 15.717908
503, 15.555968
504, 15.737997
505, 15.172110
506, 15.766684
507, 15.588249
508, 15.632767
509, 15.801731
510, 15.912784
511, 15.760984
512, 15.677876
513, 15.725933
514, 15.700448
515, 15.788611
516, 15.737705
517, 15.722226
518, 15.173397
519, 15.736388
520, 15.823582
521, 15.700600
522, 15.611420
523, 15.645520
524, 15.788472
525, 15.637306
526, 15.610423
527, 15.606261
528, 15.165910
529, 15.645681
530, 15.182614
531, 15.222824
532, 15.757686
533, 15.164868
534, 15.731096
535, 15.769518
536, 16.011278
537, 16.920624
538, 15.165130
539, 15.250822
540, 15.262419
541, 15.241976
542, 15.167979
543, 15.207279
544, 15.218160
545, 15.277366
546, 16.045730
547, 15.214711
548, 15.225512
549, 15.173396
550, 15.158627
551, 15.254862
552, 15.162795
553, 15.278062
554, 15.174167
555, 15.182358
556, 15.193007
557, 15.210012
558, 15.213230
559, 15.163574
560, 15.620506
561, 15.216931
562, 15.244616
563, 15.149186
564, 15.212488
565, 15.167463
566, 15.229186
567, 15.254880
568, 15.222593
569, 15.160206
570, 15.204555
571, 15.606939
572, 16.021586
573, 15.231121
574, 15.211755
575, 15.639252
576, 15.163063
577, 15.269461
578, 15.167728
579, 15.283842
580, 15.169278
581, 15.598561
582, 15.172887
583, 15.568178
584, 15.177251
585, 15.213234
586, 15.178019
587, 15.182617
588, 15.238613
589, 15.174685
590, 15.256050
591, 15.208526
592, 15.172370
593, 15.172112
594, 15.763270
595, 15.190485
596, 15.188460
597, 15.148925
598, 15.555444
599, 15.158108
600, 15.686537
601, 15.163317
602, 15.175454
603, 15.206786
604, 15.189979
605, 15.200547
606, 15.176993
607, 15.938125
608, 15.174941
609, 15.234749
610, 15.190737
611, 15.182870
612, 15.185669
613, 15.223070
614, 15.174170
615, 15.736828
616, 15.188206
617, 15.588080
618, 15.208029
619, 15.157846
620, 15.171596
621, 15.165393
622, 15.187192
623, 15.174684
624, 15.214714
625, 15.174170
626, 15.234507
627, 15.173913
628, 15.249159
629, 15.187953
630, 15.734923
631, 15.163317
632, 15.214714
633, 15.157846
634, 15.168981
635, 15.220832
636, 15.163288
637, 15.195502
638, 15.267328
639, 15.190462
640, 15.205522
641, 15.220847
642, 15.930296
643, 15.613561
644, 15.183365
645, 15.272709
646, 15.169262
647, 15.214703
648, 15.164604
649, 15.196022
650, 15.242931
651, 15.163828
652, 15.604417
653, 15.146806
654, 15.956973
655, 15.160187
656, 15.265470
657, 15.165386
658, 15.185916
659, 15.249390
660, 15.212732
661, 15.172105
662, 15.223553
663, 15.181589
664, 15.777281
665, 15.167977
666, 15.258409
667, 15.272251
668, 15.173393
669, 15.202792
670, 15.158102
671, 15.272717
672, 15.175449
673, 15.225265
674, 15.226973
675, 15.824249
676, 15.174422
677, 15.188961
678, 15.205785
679, 15.216681
680, 15.166166
681, 15.186426
682, 15.173393
683, 15.962599
684, 15.219387
685, 15.170818
686, 15.201293
687, 15.169270
688, 15.607758
689, 15.169786
690, 15.216189
691, 15.891183
692, 15.212733
693, 15.197534
694, 15.692824
695, 15.170044
696, 15.834394
697, 15.163572
698, 15.166425
699, 15.282912
700, 15.239330
701, 15.630323
702, 15.174449
703, 15.269710
704, 15.187462
705, 15.249651
706, 15.175981
707, 15.219404
708, 16.020486
709, 15.279231
710, 15.166179
711, 15.739905
712, 15.177511
713, 15.719704
714, 15.159156
715, 15.155234
716, 15.203301
717, 15.244861
718, 15.216689
719, 15.175456
720, 15.699236
721, 15.791806
722, 15.213234
723, 15.175968
724, 15.934287
725, 15.167207
726, 15.806114
727, 15.153658
728, 15.198543
729, 15.175454
730, 16.106927
731, 15.210510
732, 15.160194
733, 15.228440
734, 15.931518
735, 15.222330
736, 15.163831
737, 15.211991
738, 15.175706
739, 15.198287
740, 15.143370
741, 15.223311
742, 15.166426
743, 15.906994
744, 15.176733
745, 15.609757
746, 15.163834
747, 15.201045
748, 15.782054
749, 15.170305
750, 15.559470
751, 15.184141
752, 15.690529
753, 15.167722
754, 15.213971
755, 15.194519
756, 15.260065
757, 15.194268
758, 15.263361
759, 15.160714
760, 15.228194
761, 15.168756
762, 15.158628
763, 15.714919
764, 15.179551
765, 15.593162
766, 15.165132
767, 15.212489
768, 15.166169
769, 15.200300
770, 15.819550
771, 15.217181
772, 15.957804
773, 15.259360
774, 15.161498
775, 15.197288
776, 15.178785
777, 15.232327
778, 15.160976
779, 15.168499
780, 15.232812
781, 15.236441
782, 15.193009
783, 15.154706
784, 15.217917
785, 15.174169
786, 15.281763
787, 15.165133
788, 15.620343
789, 15.175966
790, 15.647604
791, 15.166170
792, 15.224048
793, 15.193765
794, 15.197036
795, 15.189724
796, 15.169532
797, 15.215206
798, 15.189471
799, 15.212737
800, 15.165651
801, 15.234748
802, 15.930914
803, 15.259123
804, 15.178273
805, 15.217179
806, 15.174683
807, 15.668044
808, 15.170049
809, 15.246532
810, 15.176992
811, 15.237647
812, 15.203296
813, 15.166688
814, 15.273420
815, 15.906626
816, 15.269456
817, 15.156277
818, 15.583823
819, 15.201297
820, 15.688996
821, 15.167464
822, 15.191494
823, 15.173140
824, 15.717162
825, 15.178528
826, 15.165651
827, 15.210509
828, 15.993318
829, 15.297789
830, 15.176479
831, 15.247487
832, 16.037420
833, 15.203795
834, 15.184397
835, 15.582286
836, 15.192499
837, 15.664268
838, 15.164870
839, 15.524058
840, 15.167461
841, 15.681748
842, 15.176989
843, 15.176220
844, 15.676475
845, 15.236921
846, 15.872569
847, 16.608688
848, 15.879956
849, 15.177759
850, 15.664743
851, 15.769805
852, 15.218161
853, 15.170047
854, 15.259121
855, 15.168239
856, 15.754962
857, 15.197788
858, 15.168498
859, 15.600572
860, 15.164094
861, 15.647443
862, 15.173654
863, 15.601746
864, 15.180317
865, 15.212489
866, 15.823448
867, 15.206535
868, 15.162536
869, 15.655734
870, 15.171852
871, 15.622643
872, 15.167464
873, 15.604257
874, 15.162796
875, 15.192756
876, 15.559646
877, 15.152606
878, 15.627228
879, 15.839827
880, 15.233053
881, 15.164095
882, 15.595864
883, 15.205041
884, 15.722375
885, 15.161235
886, 15.723710
887, 15.165910
888, 15.595526
889, 15.157322
890, 15.175196
891, 15.206784
892, 15.162536
893, 15.183123
894, 15.164873
895, 15.217916
896, 15.160974
897, 15.686535
898, 15.169015
899, 15.202296
900, 15.235231
901, 15.203046
902, 15.200295
903, 15.266882
904, 15.154703
905, 16.132580
906, 15.188963
907, 15.202045
908, 15.627389
909, 15.163834
910, 15.657795
911, 15.184904
912, 15.224535
913, 15.170821
914, 15.733159
915, 15.163055
916, 15.202545
917, 15.168756
918, 15.256994
919, 15.164872
920, 15.210260
921, 15.200295
922, 15.160713
923, 15.212736
924, 15.951205
925, 15.285677
926, 15.146812
927, 15.252014
928, 15.212489
929, 16.308790
930, 15.182868
931, 15.661592
932, 15.175452
933, 15.224047
934, 15.167722
935, 15.270155
936, 15.165651
937, 15.602584
938, 15.170047
939, 15.167205
940, 15.587059
941, 15.262186
942, 15.201796
943, 15.158628
944, 15.256758
945, 15.183123
946, 15.278989
947, 15.152869
948, 15.191493
949, 15.204293
950, 15.213725
951, 15.198290
952, 15.217669
953, 15.164873
954, 15.791525
955, 15.216438
956, 15.168239
957, 15.223068
958, 15.169789
959, 15.825459
960, 15.172625
961, 15.778831
962, 15.231840
963, 15.219145
964, 15.170821
965, 15.215699
966, 15.165391
967, 15.673361
968, 15.167464
969, 15.222089
970, 15.165132
971, 15.250110
972, 15.786806
973, 15.165396
974, 15.638118
975, 15.234751
976, 15.211998
977, 15.168760
978, 15.214468
979, 15.783455
980, 15.200298
981, 15.162537
982, 15.231842
983, 15.169016
984, 15.226978
985, 15.193514
986, 15.171338
987, 15.215947
988, 15.172369
989, 15.213232
990, 15.164874
991, 15.200546
992, 15.221109
993, 15.290266
994, 15.166170
995, 15.591472
996, 15.189724
997, 15.684378
998, 16.725731
999, 15.214960
1000, 15.165652
1001, 15.225269
1002, 15.152869
1003, 15.164095
1004, 15.534512
1005, 15.215700
1006, 15.203542
1007, 15.166944
1008, 15.250108
1009, 15.226243
1010, 15.193763
1011, 15.163834
1012, 15.185920
1013, 15.169789
1014, 15.649362
1015, 15.160713
1016, 15.681904
1017, 15.166168
1018, 15.181593
1019, 15.219144
1020, 15.168239
1021, 15.249395
1022, 15.234505
1023, 15.250824
1024, 15.161755
1025, 17.910846
1026, 15.267350
1027, 15.215206
1028, 15.167722
1029, 15.229411
1030, 15.163055
1031, 15.220373
1032, 15.179039
1033, 15.211251
1034, 15.162276
1035, 15.174425
1036, 15.562090
1037, 15.157322
1038, 15.604758
1039, 15.669452
1040, 15.255809
1041, 15.151028
1042, 15.572151
1043, 15.252488
1044, 15.223067
1045, 15.176477
1046, 15.210507
1047, 15.149712
1048, 15.226976
1049, 15.151555
1050, 15.176734
1051, 15.203295
1052, 15.225024
1053, 15.246052
1054, 15.174167
1055, 15.227220
1056, 15.178271
1057, 15.230383
1058, 15.156537
1059, 15.616551
1060, 15.175709
1061, 15.690069
1062, 15.178783
1063, 15.548219
1064, 15.165391
1065, 15.241738
1066, 15.168239
1067, 15.166687
1068, 15.211251
1069, 15.228925
1070, 15.220127
1071, 15.174938
1072, 15.233295
1073, 15.250352
1074, 15.730072
1075, 15.179554
1076, 15.771930
1077, 15.166689
1078, 15.192505
1079, 15.171854
1080, 15.235958
1081, 15.163577
1082, 15.180829
1083, 15.734336
1084, 15.184397
1085, 15.574050
1086, 15.239815
1087, 15.364554
1088, 15.161235
1089, 15.287975
1090, 15.158889
1091, 15.187952
1092, 15.166429
1093, 15.220128
1094, 15.172110
1095, 15.602417
1096, 15.179295
1097, 15.277136
1098, 15.177504
1099, 15.199294
1100, 15.579548
1101, 15.180828
1102, 15.744847
1103, 15.229169
1104, 15.247487
1105, 15.178016
1106, 15.220128
1107, 15.186175
1108, 15.212242
1109, 15.157583
1110, 15.599397
1111, 15.863324
1112, 15.215453
1113, 15.172110
1114, 15.184142
1115, 15.261008
1116, 15.179551
1117, 15.200296
1118, 15.166428
1119, 15.593163
1120, 15.185921
1121, 15.217916
1122, 15.192756
1123, 15.213231
1124, 15.169532
1125, 15.207779
1126, 15.156799
1127, 15.248442
1128, 15.158628
1129, 15.637791
1130, 15.189724
1131, 15.173911
1132, 15.878560
1133, 15.176479
1134, 17.536462
1135, 15.164094
1136, 15.796917
1137, 15.186937
1138, 15.257468
1139, 15.168498
1140, 15.213231
1141, 15.219633
1142, 15.200042
1143, 15.166943
1144, 15.217667
1145, 15.171850
1146, 15.240774
1147, 15.211745
1148, 15.168755
1149, 15.219389
1150, 15.219143
1151, 15.275045
1152, 15.191240
1153, 15.252250
1154, 15.180827
1155, 15.829337
1156, 15.198289
1157, 15.662695
1158, 15.174424
1159, 15.277598
1160, 15.169789
1161, 15.222333
1162, 15.180317
1163, 15.203544
1164, 15.201546
1165, 15.164354
1166, 15.215945
1167, 15.187443
1168, 15.529119
1169, 15.169273
1170, 15.778409
1171, 15.221598
1172, 15.187697
1173, 15.167463
1174, 15.188711
1175, 15.173141
1176, 15.202548
1177, 15.175197
1178, 15.160976
1179, 15.186684
1180, 15.170307
1181, 15.580576
1182, 15.169274
1183, 15.290494
1184, 15.252490
1185, 15.213972
1186, 15.170306
1187, 15.280146
1188, 15.174425
1189, 15.612415
1190, 15.165651
1191, 15.563310
1192, 15.158367
1193, 15.251776
1194, 15.165132
1195, 15.156014
1196, 15.205290
1197, 15.243418
1198, 15.232568
1199, 15.170821
1200, 15.270622
1201, 15.187444
1202, 15.195778
1203, 15.155752
1204, 15.611419
1205, 15.205041
1206, 15.214713
1207, 15.157844
1208, 15.611585
1209, 15.176992
1210, 15.229412
1211, 15.197538
1212, 15.168757
1213, 15.587229
1214, 15.222334
1215, 15.223803
1216, 15.174682
1217, 15.192504
1218, 17.779852
1219, 15.166428
1220, 15.175452
1221, 15.165132
1222, 15.165651
1223, 15.213725
1224, 15.178784
1225, 15.162536
1226, 15.165392
1227, 15.194520
1228, 15.168498
1229, 15.161235
1230, 15.163315
1231, 15.218162
1232, 15.170564
1233, 15.171853
1234, 15.175709
1235, 15.917561
1236, 15.173140
1237, 15.166946
1238, 15.174425
1239, 15.168756
1240, 15.193512
1241, 15.188458
1242, 15.180573
1243, 15.167981
1244, 15.905636
1245, 15.172110
1246, 15.167723
1247, 15.172110
1248, 15.171853
1249, 15.177760
1250, 15.171853
1251, 15.478291
1252, 15.179039
1253, 15.169531
1254, 15.172367
1255, 15.170564
1256, 15.164873
1257, 15.173140
1258, 15.169790
1259, 15.168757
1260, 15.170048
1261, 15.211499
1262, 15.175452
1263, 16.240128
1264, 15.156276
1265, 15.226733
1266, 15.174168
1267, 15.162276
1268, 15.174168
1269, 15.200295
1270, 15.188711
1271, 15.173139
1272, 15.172367
1273, 15.171853
1274, 15.216192
1275, 15.554388
1276, 15.169531
1277, 15.169275
1278, 15.185415
1279, 15.180319
1280, 15.175197
1281, 15.170565
1282, 15.214961
1283, 15.171596
1284, 15.165911
1285, 15.174683
1286, 15.114604
1287, 15.172111
1288, 15.157061
1289, 15.173912
1290, 15.180063
1291, 15.222090
1292, 15.177504
1293, 15.178784
1294, 15.154705
1295, 15.175710
1296, 15.172111
1297, 15.163576
1298, 15.170306
1299, 15.174683
1300, 15.176992
1301, 15.165651
1302, 15.162276
1303, 15.174939
1304, 15.184142
1305, 15.163576
1306, 15.159672
1307, 15.168240
1308, 15.250587
1309, 15.152606
1310, 15.149714
1311, 15.175197
1312, 15.240297
1313, 15.178784
1314, 15.181595
1315, 15.176992
1316, 15.181594
1317, 15.187191
1318, 15.307957
1319, 15.175966
1320, 15.174939
1321, 15.183124
1322, 15.168240
1323, 15.170306
1324, 15.164355
1325, 15.200796
1326, 15.167981
1327, 15.203046
1328, 15.188712
1329, 15.225025
1330, 15.174682
1331, 15.169274
1332, 15.166946
1333, 15.192251
1334, 15.174426
1335, 16.614246
1336, 15.163316
1337, 17.362300
1338, 16.150071
1339, 15.160714
1340, 15.172110
1341, 15.171595
1342, 16.315216
1343, 15.178272
1344, 15.167736
1345, 15.163847
1346, 15.221120
1347, 15.162547
1348, 15.166697
1349, 15.174178
1350, 15.172891
1351, 15.205796
1352, 15.167212
1353, 15.207287
1354, 15.175201
1355, 15.225762
1356, 15.162801
1357, 15.175457
1358, 15.171857
1359, 15.209025
1360, 15.155757
1361, 15.194524
1362, 15.150770
1363, 15.235959
1364, 15.168501
1365, 15.190233
1366, 15.173914
1367, 15.152609
1368, 15.206538
1369, 15.188714
1370, 15.169792
1371, 15.178786
1372, 15.194271
1373, 15.149716
1374, 15.812379
1375, 15.176994
1376, 15.216933
1377, 15.177250
1378, 15.175455
1379, 15.160976
1380, 15.194018
1381, 15.178274
1382, 15.170050
1383, 15.191243
1384, 15.165135
1385, 15.610259
1386, 15.170308
1387, 15.165653
1388, 15.163837
1389, 15.175455
1390, 15.173913
1391, 15.170308
1392, 15.169534
1393, 15.187446
1394, 15.159413
1395, 15.198543
1396, 15.161757
1397, 15.202798
1398, 15.170308
1399, 15.162798
1400, 15.174427
1401, 15.161497
1402, 15.201798
1403, 15.178786
1404, 15.166171
1405, 15.163837
1406, 15.167207
1407, 15.172884
1408, 15.173142
1409, 15.679119
1410, 15.197790
1411, 15.173656
1412, 15.170550
1413, 15.176723
1414, 15.159921
1415, 15.209010
1416, 15.185658
1417, 15.170299
1418, 15.192244
1419, 15.194766
1420, 15.162270
1421, 15.169785
1422, 15.166424
1423, 15.229165
1424, 15.170560
1425, 15.165389
1426, 15.160190
1427, 17.040516
1428, 15.173137
1429, 15.211002
1430, 15.177246
1431, 15.165909
1432, 15.200794
1433, 15.191492
1434, 15.194771
1435, 15.156275
1436, 15.209515
1437, 15.163315
1438, 15.163574
1439, 15.186682
1440, 15.217915
1441, 15.169014
1442, 15.166169
1443, 15.183886
1444, 15.219881
1445, 15.966680
1446, 15.172880
1447, 15.170819
1448, 15.156797
1449, 15.182612
1450, 15.179037
1451, 15.166427
1452, 15.165909
1453, 15.220126
1454, 15.164093
1455, 15.160713
1456, 15.164872
1457, 15.161234
1458, 15.163055
1459, 15.176734
1460, 15.175965
1461, 15.198038
1462, 15.170821
1463, 15.153655
1464, 15.158888
1465, 15.176991
1466, 15.186682
1467, 15.162015
1468, 15.177759
1469, 15.166169
1470, 15.428533
1471, 15.190988
1472, 15.173653
1473, 15.156537
1474, 15.182358
1475, 15.171079
1476, 15.172624
1477, 15.160192
1478, 15.167463
1479, 15.204293
1480, 15.160960
1481, 15.179538
1482, 15.177748
1483, 15.202285
1484, 15.169522
1485, 15.163826
1486, 15.168748
1487, 15.217908
1488, 15.163308
1489, 15.159143
1490, 15.181587
1491, 15.175703
1492, 15.174933
1493, 15.168235
1494, 15.152864
1495, 15.156533
1496, 15.229651
1497, 15.178524
1498, 15.165388
1499, 15.158363
1500, 15.174422
1501, 15.174679
1502, 15.172879
1503, 15.156273
1504, 15.246050
1505, 15.174936
1506, 15.169270
1507, 15.183375
1508, 15.219388
1509, 15.164611
1510, 15.174936
1511, 15.175193
1512, 15.178525
1513, 15.205544
1514, 15.161759
1515, 15.177250
1516, 15.168242
1517, 15.191496
1518, 15.167983
1519, 15.176223
1520, 15.160455
1521, 15.181339
1522, 15.164355
1523, 15.179040
1524, 15.174939
1525, 15.642146
1526, 15.175196
1527, 15.159932
1528, 15.188204
1529, 15.180827
1530, 15.168497
1531, 15.181848
1532, 15.174424
1533, 15.169530
1534, 15.223557
1535, 15.181593
1536, 15.163574
1537, 15.158366
1538, 15.198289
1539, 15.162534
1540, 15.157582
1541, 15.162794
1542, 15.159670
1543, 15.234988
1544, 15.177758
1545, 15.164872
1546, 15.205289
1547, 15.208779
1548, 15.170828
1549, 15.181344
1550, 15.185672
1551, 15.185926
1552, 15.179299
1553, 15.158892
1554, 15.167208
1555, 15.228441
1556, 15.170566
1557, 15.174170
1558, 15.180319
1559, 15.189979
1560, 19.119082
1561, 15.171338
1562, 15.175710
1563, 15.228439
1564, 15.178529
1565, 15.335454
1566, 15.174940
1567, 16.176734
1568, 15.204792
1569, 15.176992
1570, 15.163056
1571, 15.153132
1572, 15.220618
1573, 15.179040
1574, 15.179295
1575, 15.173911
1576, 15.209268
1577, 15.175196
1578, 15.175452
1579, 15.171079
1580, 15.945280
1581, 15.198541
1582, 15.186429
1583, 15.172367
1584, 15.172882
1585, 15.206037
1586, 15.162276
1587, 15.182359
1588, 15.157060
1589, 15.937045
1590, 15.150240
1591, 15.176478
1592, 15.723859
1593, 15.205788
1594, 15.179806
1595, 15.178016
1596, 15.180828
1597, 15.187951
1598, 15.223313
1599, 15.166169
1600, 15.194268
1601, 15.166169
1602, 15.209517
1603, 15.164873
1604, 15.184650
1605, 15.179806
1606, 15.926927
1607, 15.186683
1608, 15.188458
1609, 15.167722
1610, 15.885398
1611, 15.787219
1612, 15.180573
1613, 15.166169
1614, 15.196294
1615, 15.231124
1616, 15.171605
1617, 15.163065
1618, 15.164104
1619, 15.183131
1620, 15.168764
1621, 15.160460
1622, 15.150772
1623, 15.829610
1624, 15.240782
1625, 15.168502
1626, 15.172629
1627, 15.273655
1628, 15.169793
1629, 15.166173
1630, 15.157064
1631, 15.943260
1632, 15.203298
1633, 15.157063
1634, 15.174428
1635, 15.162798
1636, 15.208278
1637, 15.169275
1638, 15.193010
1639, 15.164097
1640, 15.243420
1641, 15.197037
1642, 15.163317
1643, 15.172627
1644, 15.946351
1645, 15.199796
1646, 15.172627
1647, 15.156016
1648, 15.155209
1649, 15.199276
1650, 15.251760
1651, 15.167191
1652, 15.185146
1653, 15.236429
1654, 15.167195
1655, 15.169522
1656, 15.164864
1657, 15.810875
1658, 15.216678
1659, 15.166163
1660, 15.159144
1661, 16.145114
1662, 15.215448
1663, 15.184392
1664, 15.232807
1665, 15.161491
1666, 15.774607
1667, 15.168754
1668, 15.169270
1669, 15.169271
1670, 15.866284
1671, 15.183885
1672, 15.166944
1673, 15.172623
1674, 15.186681
1675, 15.215944
1676, 15.153130
1677, 15.170562
1678, 15.901545
1679, 15.177758
1680, 15.165650
1681, 15.167980
1682, 15.156800
1683, 15.214960
1684, 15.177248
1685, 15.155753
1686, 15.188458
1687, 15.194017
1688, 15.189471
1689, 15.175452
1690, 15.162536
1691, 15.250587
1692, 15.203295
1693, 15.168756
1694, 15.166946
1695, 15.849161
1696, 15.244377
1697, 15.172110
1698, 15.172882
1699, 15.169531
1700, 15.187951
1701, 15.168498
1702, 15.162795
1703, 15.168498
1704, 15.855682
1705, 15.206783
1706, 15.172367
1707, 15.175708
1708, 15.223312
1709, 15.234021
1710, 15.181083
1711, 17.876462
1712, 15.158888
1713, 16.135435
1714, 15.167463
1715, 15.172882
1716, 15.165903
1717, 15.204037
1718, 15.172104
1719, 15.169526
1720, 15.178523
1721, 15.846667
1722, 15.233533
1723, 15.180313
1724, 15.160710
1725, 15.229651
1726, 15.166166
1727, 15.166166
1728, 15.162533
1729, 15.162793
1730, 15.256755
1731, 15.160190
1732, 15.177501
1733, 15.194518
1734, 16.234979
1735, 15.216683
1736, 15.175707
1737, 15.181337
1738, 15.223556
1739, 15.206782
1740, 15.172108
1741, 15.181337
1742, 15.227462
1743, 15.172108
1744, 15.171335
1745, 15.175964
1746, 15.159931
1747, 15.234746
1748, 15.175451
1749, 15.165664
1750, 15.162548
1751, 15.860492
1752, 15.190240
1753, 15.166178
1754, 16.169927
1755, 15.261486
1756, 15.176741
1757, 15.173660
1758, 15.166692
1759, 15.810206
1760, 15.232814
1761, 15.243422
1762, 15.165135
1763, 15.225516
1764, 15.223316
1765, 15.183125
1766, 15.161497
1767, 15.165912
1768, 15.186938
1769, 15.227953
1770, 15.163057
1771, 15.206288
1772, 15.218163
1773, 15.223314
1774, 15.170822
1775, 15.165133
1776, 15.165911
1777, 15.879957
1778, 15.218162
1779, 15.167464
1780, 15.177504
1781, 15.236681
1782, 15.177504
1783, 15.181849
1784, 15.165394
1785, 15.188207
1786, 15.201299
1787, 15.162278
1788, 15.171597
1789, 15.265477
1790, 15.201298
1791, 15.166688
1792, 15.169016
1793, 15.156015
1794, 15.858540
1795, 15.171596
1796, 15.163836
1797, 15.199545
1798, 15.224292
1799, 15.229655
1800, 15.175710
1801, 15.174169
1802, 15.213726
1803, 15.215700
1804, 15.164874
1805, 15.167982
1806, 15.183124
1807, 15.213479
1808, 15.181084
1809, 15.177504
1810, 15.146813
1811, 15.801869
1812, 15.173397
1813, 15.170048
1814, 15.159672
1815, 15.178272
1816, 15.183378
1817, 15.176735
1818, 15.168256
1819, 15.207793
1820, 15.225283
1821, 15.162289
1822, 15.161766
1823, 15.226743
1824, 15.226011
1825, 15.169799
1826, 15.167990
1827, 15.157852
1828, 15.885153
1829, 15.173147
1830, 15.165657
1831, 15.170570
1832, 15.229174
1833, 15.219887
1834, 15.167210
1835, 15.180067
1836, 15.229902
1837, 15.167468
1838, 15.161760
1839, 15.181088
1840, 15.164618
1841, 15.225517
1842, 15.167985
1843, 15.175200
1844, 15.171856
1845, 15.262895
1846, 15.176739
1847, 15.165136
1848, 15.175456
1849, 15.171599
1850, 15.216689
1851, 15.181342
1852, 15.183626
1853, 16.910349
1854, 15.168235
1855, 15.167201
1856, 15.175706
1857, 15.165648
1858, 15.258883
1859, 15.171078
1860, 15.172109
1861, 15.172367
1862, 15.174938
1863, 15.152868
1864, 15.178016
1865, 15.171079
1866, 15.159672
1867, 15.202297
1868, 15.177248
1869, 15.169016
1870, 15.175453
1871, 15.249397
1872, 15.157584
1873, 15.165393
1874, 15.168241
1875, 15.177505
1876, 15.158107
1877, 15.175711
1878, 15.147078
1879, 15.164875
1880, 15.166689
1881, 15.167207
1882, 15.173399
1883, 15.173656
1884, 15.188966
1885, 15.165368
1886, 15.165368
1887, 15.176971
1888, 15.225251
1889, 15.158090
1890, 15.208012
1891, 15.176979
1892, 15.905378
1893, 15.173387
1894, 15.178262
1895, 16.457048
1896, 16.068364
1897, 15.190476
1898, 16.234975
1899, 15.160708
1900, 15.166423
1901, 15.217173
1902, 15.928857
1903, 15.206282
1904, 15.170044
1905, 17.401043
1906, 15.163052
1907, 15.173394
1908, 15.159929
1909, 15.234503
1910, 15.164352
1911, 15.164092
1912, 15.177758
1913, 15.172880
1914, 15.214711
1915, 15.170046
1916, 15.172881
1917, 15.167203
1918, 15.451580
1919, 15.159416
1920, 15.164099
1921, 15.164617
1922, 15.228198
1923, 15.168759
1924, 15.170308
1925, 15.176737
1926, 15.165653
1927, 15.196283
1928, 15.171081
1929, 15.172626
1930, 15.170048
1931, 15.397364
1932, 15.172626
1933, 15.167723
1934, 16.446960
1935, 15.226246
1936, 15.164095
1937, 15.201796
1938, 15.166687
1939, 15.208027
1940, 15.162016
1941, 15.208524
1942, 15.166428
1943, 15.167981
1944, 15.246531
1945, 15.211994
1946, 15.159149
1947, 15.163575
1948, 15.168498
1949, 15.180061
1950, 15.165910
1951, 15.174939
1952, 15.201547
1953, 15.166947
1954, 15.174683
1955, 15.161235
1956, 15.219883
1957, 15.909710
1958, 15.175710
1959, 15.159933
1960, 15.179295
1961, 15.212737
1962, 15.155229
1963, 15.180573
1964, 15.156538
1965, 15.213231
1966, 15.178016
1967, 15.177248
1968, 15.176222
1969, 15.179295
1970, 15.163575
1971, 15.174682
1972, 15.179551
1973, 15.170306
1974, 15.171852
1975, 15.173139
1976, 15.165651
1977, 15.171079
1978, 15.225024
1979, 15.163575
1980, 15.180828
1981, 15.178016
1982, 15.173397
1983, 15.163056
1984, 15.159932
1985, 15.165391
1986, 15.199794
1987, 15.166168
1988, 15.169531
1989, 15.170563
1990, 15.164354
1991, 15.181848
1992, 15.162535
1993, 15.161755
1994, 15.154442
1995, 15.176991
1996, 15.174938
1997, 15.176991
1998, 15.173911
1999, 15.209516
2000, 15.164873
2001, 15.152080
2002, 15.152081
2003, 15.229654
2004, 15.176991
2005, 15.157844
2006, 15.175196
2007, 15.161235
2008, 15.169273
2009, 15.167722
2010, 15.179806
2011, 15.173397
2012, 15.255574
2013, 15.180828
2014, 15.174938
2015, 15.178527
2016, 15.225513
2017, 15.177760
2018, 15.178016
2019, 15.171595
2020, 15.201799
2021, 15.165394
2022, 15.180830
2023, 15.166172
2024, 15.159934
2025, 15.222091
2026, 15.148661
2027, 15.165912
2028, 15.174170
2029, 15.202047
2030, 15.158368
2031, 15.171853
2032, 15.167464
2033, 15.181339
2034, 15.180829
2035, 15.171853
2036, 15.167723
2037, 15.175966
2038, 15.156015
2039, 15.170564
2040, 15.167205
2041, 15.176222
2042, 15.180318
2043, 15.166428
2044, 15.170048
2045, 15.909217
2046, 15.179295
2047, 15.175196
2048, 15.166428
2049, 15.163056
2050, 15.280146
2051, 15.161756
2052, 15.175709
2053, 15.148132
2054, 15.168240
2055, 15.216439
2056, 15.167722
2057, 15.163056
2058, 15.163835
2059, 15.190230
2060, 15.163315
2061, 15.171853
2062, 15.163315
2063, 15.178272
2064, 15.176991
2065, 15.164614
2066, 15.152869
2067, 15.187951
2068, 15.170822
2069, 15.175966
2070, 15.166169
2071, 15.167981
2072, 15.183887
2073, 15.164614
2074, 15.171079
2075, 15.191241
2076, 15.219391
2077, 15.170822
2078, 15.166169
2079, 15.148923
2080, 15.177248
2081, 15.173654
2082, 15.651438
2083, 15.164614
2084, 15.182614
2085, 15.165910
2086, 15.179039
2087, 15.207033
2088, 15.167999
2089, 15.177776
2090, 15.164888
2091, 15.165924
2092, 15.201558
2093, 15.227475
2094, 15.173150
2095, 15.165401
2096, 15.166177
2097, 15.179815
2098, 15.171087
2099, 15.164621
2100, 15.173146
2101, 15.195784
2102, 15.172631
2103, 17.511189
2104, 15.173402
2105, 15.187449
2106, 15.202301
2107, 15.175714
2108, 15.422942
2109, 15.194272
2110, 15.175200
2111, 15.158110
2112, 15.164877
2113, 15.175456
2114, 15.242942
2115, 15.167985
2116, 15.178275
2117, 15.160196
2118, 15.159414
2119, 15.205044
2120, 15.157325
2121, 15.166949
2122, 15.168243
2123, 15.242222
2124, 15.173657
2125, 15.185670
2126, 15.170051
2127, 15.195530
2128, 15.181597
2129, 15.173400
2130, 15.162539
2131, 15.168501
2132, 15.207782
2133, 15.166172
2134, 15.166690
2135, 15.169276
2136, 15.165654
2137, 15.373018
2138, 15.183635
2139, 15.173657
2140, 15.165654
2141, 15.174171
2142, 15.163578
2143, 15.170051
2144, 15.220867
2145, 15.173400
2146, 15.162798
2147, 15.165395
2148, 15.223072
2149, 15.165395
2150, 15.231115
2151, 15.168501
2152, 15.164357
2153, 15.173400
2154, 15.171598
2155, 15.170309
2156, 15.161733
2157, 15.219863
2158, 15.165634
2159, 15.176463
2160, 15.162002
2161, 15.219624
2162, 15.156003
2163, 15.154695
2164, 15.168231
2165, 15.898928
2166, 15.152599
2167, 15.180056
2168, 15.155223
2169, 15.172877
2170, 15.223553
2171, 15.166424
2172, 15.171076
2173, 15.182865
2174, 15.176988
2175, 15.180570
2176, 15.162273
2177, 15.160972
2178, 15.435878
2179, 15.165649
2180, 15.176477
2181, 15.149448
2182, 15.713570
2183, 15.207528
2184, 15.175194
2185, 15.150765
2186, 15.172881
2187, 15.259120
2188, 15.156536
2189, 15.167705
2190, 15.173895
2191, 15.180558
2192, 15.167451
2193, 17.589192
2194, 15.172099
2195, 15.244846
2196, 15.165901
2197, 15.168748
2198, 15.164865
2199, 15.163048
2200, 15.218401
2201, 15.160187
2202, 15.175447
2203, 15.180567
2204, 15.204288
2205, 15.164349
2206, 15.167976
2207, 15.173392
2208, 15.223309
2209, 15.170044
2210, 15.177500
2211, 15.185409
2212, 15.184647
2213, 15.154439
2214, 15.173908
2215, 15.171849
2216, 15.167978
2217, 15.195524
2218, 15.166943
2219, 15.159929
2220, 15.162793
2221, 15.181846
2222, 15.199791
2223, 15.176741
2224, 15.181089
2225, 15.181343
2226, 15.178020
2227, 15.939562
2228, 15.170051
2229, 15.222091
2230, 15.161237
2231, 15.160715
2232, 15.177505
2233, 15.164874
2234, 15.170307
2235, 15.166947
2236, 15.172883
2237, 15.170564
2238, 15.247487
2239, 15.172367
2240, 15.164354
2241, 15.171852
2242, 15.164872
2243, 15.167722
2244, 15.157844
2245, 15.198039
2246, 15.156275
2247, 15.204542
2248, 15.159149
2249, 15.175451
2250, 15.163574
2251, 15.216438
2252, 15.174424
2253, 15.194267
2254, 15.161754
2255, 15.236197
2256, 15.169530
2257, 15.178020
2258, 15.170567
2259, 15.262423
2260, 15.194522
2261, 15.171854
2262, 15.167724
2263, 15.161236
2264, 15.178785
2265, 15.174683
2266, 15.163576
2267, 15.163316
2268, 15.204792
2269, 15.176992
2270, 15.165910
2271, 15.164614
2272, 15.226977
2273, 15.165392
2274, 15.157583
2275, 15.144962
2276, 15.174682
2277, 15.176991
2278, 15.174939
2279, 15.173911
2280, 15.171337
2281, 15.202296
2282, 15.177759
2283, 15.196029
2284, 15.170047
2285, 15.214712
2286, 15.175452
2287, 15.166946
2288, 15.170563
2289, 15.213724
2290, 15.166946
2291, 15.161512
2292, 15.166961
2293, 15.202309
2294, 15.174694
2295, 15.174437
2296, 15.171346
2297, 15.167472
2298, 15.190996
2299, 15.196288
2300, 15.170054
2301, 15.156543
2302, 16.318908
2303, 15.164878
2304, 15.175200
2305, 15.165655
2306, 15.175200
2307, 15.159936
2308, 15.168243
2309, 15.164617
2310, 15.175969
2311, 15.229901
2312, 15.170566
2313, 15.203298
2314, 15.189979
2315, 15.168759
2316, 15.160977
2317, 15.168500
2318, 15.167207
2319, 15.220375
2320, 15.156278
2321, 15.176737
2322, 15.156278
2323, 15.187446
2324, 15.193997
2325, 15.160696
2326, 15.168741
2327, 15.157046
2328, 15.208510
2329, 15.195767
2330, 15.172871
2331, 15.157835
2332, 15.202288
2333, 15.174931
2334, 15.158621
2335, 15.160968
2336, 15.212978
2337, 15.169526
2338, 15.169269
2339, 15.177500
2340, 15.222330
2341, 15.167201
2342, 15.171849
2343, 15.162012
2344, 15.176219
2345, 15.221351
2346, 15.160190
2347, 15.167203
2348, 15.167720
2349, 15.218406
2350, 15.161493
2351, 15.163314
2352, 15.174937
2353, 15.213970
2354, 15.162014
2355, 15.170820
2356, 15.170820
2357, 15.190228
2358, 15.172110
2359, 15.157845
2360, 15.187697
2361, 15.169531
2362, 15.201046
2363, 15.176991
2364, 15.154442
2365, 15.176735
2366, 15.185158
2367, 15.191745
2368, 15.186936
2369, 15.171079
2370, 15.209268
2371, 15.171852
2372, 15.164354
2373, 15.174681
2374, 15.172109
2375, 15.245095
2376, 15.170563
2377, 15.166168
2378, 15.197788
2379, 15.222333
2380, 15.171594
2381, 15.177759
2382, 15.169531
2383, 15.167980
2384, 15.159410
2385, 15.175452
2386, 15.173139
2387, 15.197034
2388, 15.153130
2389, 15.171594
2390, 15.186174
2391, 15.159931
2392, 15.168239
2393, 15.188712
2394, 15.175966
2395, 15.166947
2396, 15.201047
2397, 15.175453
2398, 15.167464
2399, 15.168757
2400, 15.220373
2401, 15.158106
2402, 15.161235
2403, 15.164354
2404, 15.184396
2405, 15.163315
2406, 15.170563
2407, 15.164873
2408, 16.882670
2409, 15.254389
2410, 15.171852
2411, 15.229168
2412, 15.170821
2413, 15.735947
2414, 15.174168
2415, 15.785686
2416, 15.165132
2417, 15.744701
2418, 15.152080
2419, 15.209516
2420, 15.168756
2421, 15.194268
2422, 15.200295
2423, 15.190482
2424, 15.763125
2425, 15.182613
2426, 15.290268
2427, 15.176481
2428, 15.232328
2429, 15.165394
2430, 15.211501
2431, 15.167983
2432, 15.221355
2433, 15.179041
2434, 15.657956
2435, 15.159151
2436, 15.175710
2437, 15.575600
2438, 15.178016
2439, 15.196282
2440, 15.178528
2441, 15.271090
2442, 15.162016
2443, 15.275976
2444, 15.168757
2445, 15.747168
2446, 15.169015
2447, 15.236198
2448, 15.172882
2449, 15.967264
2450, 15.175452
2451, 15.956979
2452, 15.928016
2453, 15.175452
2454, 15.734922
2455, 15.164354
2456, 15.234021
2457, 15.164094
2458, 15.607428
2459, 15.169273
2460, 15.276903
2461, 15.203045
2462, 15.259121
2463, 15.166687
2464, 15.202296
2465, 15.157583
2466, 15.728003
2467, 15.164873
2468, 15.220372
2469, 15.267350
2470, 15.176222
2471, 15.187951
2472, 15.175965
2473, 15.246052
2474, 15.148395
2475, 15.576115
2476, 15.165392
2477, 15.207778
2478, 15.154967
2479, 15.213972
2480, 15.186936
2481, 15.249157
2482, 15.158628
2483, 16.006708
2484, 15.167464
2485, 15.225024
2486, 15.220863
2487, 15.170047
2488, 15.211499
2489, 15.158366
2490, 15.256994
2491, 15.176735
2492, 15.575082
2493, 15.170821
2494, 15.236458
2495, 15.174956
2496, 15.680837
2497, 15.179053
2498, 15.578188
2499, 15.162807
2500, 15.167992
2501, 15.721493
2502, 15.167990
2503, 15.218908
2504, 15.148403
2505, 15.276447
2506, 15.160981
2507, 15.769245
2508, 15.173660
2509, 15.589442
2510, 15.164100
2511, 15.249639
2512, 15.168761
2513, 15.608099
2514, 15.150507
2515, 15.283841
2516, 15.172886
2517, 15.174429
2518, 15.631470
2519, 15.161499
2520, 15.216935
2521, 15.209768
2522, 15.212740
2523, 15.173143
2524, 15.201800
2525, 15.176994
2526, 15.698628
2527, 15.172886
2528, 15.250816
2529, 15.166162
2530, 15.195521
2531, 15.172362
2532, 15.195522
2533, 15.287970
2534, 15.168753
2535, 15.601240
2536, 15.179548
2537, 15.214217
2538, 15.169788
2539, 15.250585
2540, 15.156537
2541, 15.278294
2542, 15.171852
2543, 15.746588
2544, 15.178528
2545, 15.697559
2546, 15.167981
2547, 15.718505
2548, 15.252015
2549, 15.200296
2550, 15.235957
2551, 15.162537
2552, 15.289350
2553, 15.155230
2554, 15.226978
2555, 15.160715
2556, 15.610923
2557, 15.149451
2558, 15.239816
2559, 15.188206
2560, 15.209022
2561, 15.166947
2562, 15.212469
2563, 15.164336
2564, 15.172608
2565, 15.929208
2566, 15.159397
2567, 15.272941
2568, 15.170552
2569, 15.558761
2570, 15.164086
2571, 15.217169
2572, 15.158881
2573, 15.633085
2574, 15.164348
2575, 15.241973
2576, 15.167459
2577, 15.624606
2578, 15.173650
2579, 15.217912
2580, 15.177500
2581, 15.165129
2582, 15.210257
2583, 15.172365
2584, 15.201043
2585, 15.174680
2586, 15.592991
2587, 15.160190
2588, 15.586206
2589, 15.164612
2590, 15.643752
2591, 15.173652
2592, 15.221352
2593, 15.159148
2594, 15.217176
2595, 15.175964
2596, 15.220129
2597, 15.225026
2598, 15.180829
2599, 15.204294
2600, 15.162796
2601, 15.622971
2602, 15.170822
2603, 15.678031
2604, 15.167205
2605, 15.236681
2606, 15.162536
2607, 15.276440
2608, 15.177247
2609, 15.208275
2610, 15.161234
2611, 15.217177
2612, 15.176735
2613, 15.194268
2614, 15.258649
2615, 15.151292
2616, 15.224046
2617, 15.481509
2618, 15.218653
2619, 15.165391
2620, 15.230140
2621, 15.162795
2622, 15.919148
2623, 15.163834
2624, 15.600068
2625, 15.165910
2626, 15.199543
2627, 15.163315
2628, 15.190735
2629, 15.218653
2630, 15.176996
2631, 15.211998
2632, 15.159153
2633, 15.211255
2634, 15.150243
2635, 15.659224
2636, 15.319137
2637, 15.571636
2638, 15.827736
2639, 15.778692
2640, 15.172369
2641, 15.561219
2642, 15.164615
2643, 15.234748
2644, 15.168757
2645, 15.162016
2646, 15.648884
2647, 15.194269
2648, 15.274582
2649, 15.164095
2650, 15.201797
2651, 15.170822
2652, 15.219882
2653, 15.168757
2654, 15.702117
2655, 15.175196
2656, 15.207779
2657, 15.170564
2658, 15.219145
2659, 15.377010
2660, 15.244616
2661, 15.190735
2662, 15.162015
2663, 15.579205
2664, 15.179804
2665, 15.203043
2666, 15.183121
2667, 15.188962
2668, 15.160973
2669, 15.272719
2670, 15.163054
2671, 15.202295
2672, 15.152605
2673, 15.865514
2674, 15.164872
2675, 15.951559
2676, 15.175965
2677, 15.211993
2678, 15.187697
2679, 15.180061
2680, 15.685455
2681, 15.202296
2682, 15.715816
2683, 15.174938
2684, 15.646642
2685, 15.148395
2686, 15.261950
2687, 15.158627
2688, 15.623134
2689, 15.158627
2690, 15.205539
2691, 15.205539
2692, 16.911577
2693, 15.192250
2694, 15.176222
2695, 15.197286
2696, 15.166169
2697, 15.585358
2698, 15.275977
2699, 15.604091
2700, 15.190483
2701, 15.558597
2702, 15.833202
2703, 15.292094
2704, 15.170822
2705, 15.279915
2706, 15.159672
2707, 16.049059
2708, 15.172625
2709, 15.195778
2710, 15.174425
2711, 15.228438
2712, 14.840468
2713, 15.608094
2714, 15.250587
2715, 15.202046
2716, 15.525328
2717, 15.179039
2718, 15.647443
2719, 15.239092
2720, 15.662380
2721, 15.172882
2722, 15.683605
2723, 15.163315
2724, 15.962018
2725, 15.182359
2726, 15.219145
2727, 15.248441
2728, 15.197035
2729, 15.252252
2730, 15.160974
2731, 15.216932
2732, 15.186937
2733, 15.695120
2734, 17.198773
2735, 15.894944
2736, 15.152607
2737, 16.104394
2738, 15.197286
2739, 15.199544
2740, 15.176222
2741, 15.228925
2742, 15.244377
2743, 15.158367
2744, 15.558596
2745, 18.513470
2746, 15.885272
2747, 15.151292
2748, 15.614733
2749, 15.943138
2750, 15.241257
2751, 15.176735
2752, 15.214713
2753, 15.166687
2754, 15.229412
2755, 15.150766
2756, 15.173654
2757, 15.634228
2758, 16.014946
2759, 15.233295
2760, 15.167463
2761, 15.212242
2762, 15.176222
2763, 15.197035
2764, 15.174168
2765, 15.214223
2766, 15.177764
2767, 15.273190
2768, 15.211998
2769, 15.260068
2770, 15.162538
2771, 15.238854
2772, 15.167466
2773, 15.161497
2774, 15.181085
2775, 15.166171
2776, 15.198793
2777, 15.162017
2778, 15.270157
2779, 15.205540
2780, 15.624775
2781, 15.166688
2782, 15.527497
2783, 15.202547
2784, 15.218163
2785, 15.176479
2786, 15.561916
2787, 15.168757
2788, 15.913521
2789, 15.252253
2790, 15.175966
2791, 15.197538
2792, 15.230141
2793, 15.229898
2794, 15.156538
2795, 15.691910
2796, 15.214466
2797, 15.250111
2798, 15.175965
2799, 15.190987
2800, 15.176221
2801, 15.254151
2802, 15.180317
2803, 15.212983
2804, 15.165391
2805, 15.607761
2806, 15.596537
2807, 15.160453
2808, 15.699992
2809, 15.935846
2810, 15.614403
2811, 15.165392
2812, 15.195023
2813, 15.981351
2814, 15.245813
2815, 15.165392
2816, 15.218162
2817, 15.214466
2818, 15.228439
2819, 15.172110
2820, 15.159932
2821, 15.623135
2822, 15.181594
2823, 15.204792
2824, 15.170564
2825, 15.278063
2826, 15.172110
2827, 15.238852
2828, 15.163835
2829, 15.566961
2830, 15.222824
2831, 15.849816
2832, 15.164351
2833, 15.651435
2834, 15.163313
2835, 15.848243
2836, 15.163054
2837, 15.165649
2838, 15.208025
2839, 15.226488
2840, 15.250585
2841, 15.171594
2842, 15.206534
2843, 15.258884
2844, 15.748037
2845, 15.172367
2846, 15.777144
2847, 15.927289
2848, 15.198541
2849, 15.179806
2850, 15.198039
2851, 15.159671
2852, 15.256048
2853, 15.196532
2854, 15.163055
2855, 15.731689
2856, 15.905389
2857, 15.204293
2858, 15.167981
2859, 15.220618
2860, 15.239573
2861, 15.222823
2862, 15.166428
2863, 15.814817
2864, 15.171337
2865, 15.931878
2866, 15.169534
2867, 15.282225
2868, 15.181595
2869, 15.231842
2870, 15.180829
2871, 15.155754
2872, 15.975141
2873, 15.904276
2874, 15.278527
2875, 15.152870
2876, 15.195779
2877, 15.208773
2878, 15.248919
2879, 15.156800
2880, 15.760412
2881, 15.159672
2882, 15.791249
2883, 15.170306
2884, 15.178528
2885, 15.271556
2886, 15.248680
2887, 15.271556
2888, 15.165133
2889, 15.667886
2890, 15.958036
2891, 15.228682
2892, 15.165133
2893, 15.230870
2894, 15.204294
2895, 15.246053
2896, 15.170048
2897, 15.170822
2898, 15.171853
2899, 15.931277
2900, 15.166688
2901, 15.186430
2902, 15.660961
2903, 15.965403
2904, 15.210509
2905, 15.204294
2906, 15.193009
2907, 15.231841
2908, 15.242459
2909, 15.151556
2910, 15.171853
2911, 15.258413
2912, 15.564007
2913, 15.152344
2914, 15.696188
2915, 15.171853
2916, 15.815495
2917, 15.188965
2918, 15.170564
2919, 15.252965
2920, 15.178528
2921, 15.196784
2922, 15.166947
2923, 15.198542
2924, 15.241498
2925, 15.839167
2926, 15.175709
2927, 15.772776
2928, 15.174682
2929, 15.219145
2930, 15.157061
2931, 15.561393
2932, 15.163835
2933, 15.258883
2934, 15.543610
2935, 15.190481
2936, 15.649840
2937, 15.193511
2938, 15.242697
2939, 15.182613
2940, 15.214218
2941, 16.100838
2942, 15.232810
2943, 15.166946
2944, 15.231597
2945, 15.167204
2946, 15.248680
2947, 15.167981
2948, 15.157583
2949, 15.665845
2950, 15.960848
2951, 15.229168
2952, 15.163575
2953, 15.213478
2954, 15.198541
2955, 15.229411
2956, 15.170822
2957, 15.284758
2958, 15.183123
2959, 15.703632
2960, 15.163835
2961, 15.702723
2962, 15.161495
2963, 15.942304
2964, 15.174168
2965, 15.169790
2966, 15.608594
2967, 15.215699
2968, 15.746009
2969, 15.169790
2970, 15.670236
2971, 15.183123
2972, 15.280839
2973, 15.186429
2974, 15.579548
2975, 15.235715
2976, 15.251776
2977, 15.166687
2978, 15.638599
2979, 15.160714
2980, 15.229168
2981, 15.658430
2982, 16.580122
2983, 15.889303
2984, 15.191493
2985, 15.253915
2986, 15.169273
2987, 15.282224
2988, 15.262892
2989, 15.675699
2990, 15.162016
2991, 15.599901
2992, 15.179551
2993, 17.289702
2994, 15.178528
2995, 15.258649
2996, 15.162016
2997, 15.210261
2998, 15.196533
2999, 15.162796
3000, 15.631792
3001, 15.929951
3002, 15.219147
3003, 15.174427
3004, 15.250350
3005, 15.227709
3006, 15.692676
3007, 15.170049
3008, 15.563659
3009, 15.167982
3010, 15.924746
3011, 15.176992
3012, 15.152082
3013, 15.216932
3014, 15.224292
3015, 15.243419
3016, 15.178784
3017, 15.669767
3018, 15.938123
3019, 15.185414
3020, 15.176992
3021, 15.207779
3022, 15.227952
3023, 15.206785
3024, 15.203046
3025, 15.785548
3026, 15.172626
3027, 15.870523
3028, 15.149450
3029, 15.184905
3030, 15.649043
3031, 15.194269
3032, 15.709066
3033, 15.170048
3034, 15.236681
3035, 15.186932
3036, 15.256754
3037, 15.159146
3038, 15.954388
3039, 15.225022
3040, 15.890682
3041, 15.182866
3042, 15.208770
3043, 15.198288
3044, 15.254624
3045, 15.196782
3046, 15.168239
3047, 15.549278
3048, 15.933923
3049, 15.237645
3050, 15.181338
3051, 15.764977
3052, 15.891437
3053, 15.573532
3054, 15.167463
3055, 15.706352
3056, 15.154704
3057, 15.855422
3058, 15.160193
3059, 15.210012
3060, 15.165651
3061, 15.239333
3062, 15.220372
3063, 15.165651
3064, 15.192755
3065, 15.188964
3066, 15.538804
3067, 15.177759
3068, 15.670236
3069, 15.843385
3070, 15.250823
3071, 15.175708
3072, 15.212240
3073, 15.173138
3074, 15.792771
3075, 15.174167
3076, 15.169272
3077, 15.210507
3078, 15.256284
3079, 15.221108
3080, 15.167980
3081, 15.633903
3082, 15.224780
3083, 15.201296
3084, 15.161755
3085, 15.248441
3086, 15.185413
3087, 15.202795
3088, 15.178271
3089, 15.227951
3090, 15.181593
3091, 15.237887
3092, 15.163575
3093, 15.160974
3094, 15.629349
3095, 15.253439
3096, 15.216931
3097, 15.173654
3098, 15.797330
3099, 15.834662
3100, 15.191493
3101, 15.153393
3102, 15.183378
3103, 15.258414
3104, 15.746299
3105, 15.179040
3106, 15.728299
3107, 15.166688
3108, 15.793880
3109, 15.218162
3110, 15.189471
3111, 15.205789
3112, 15.228439
3113, 15.205539
3114, 15.169273
3115, 15.775315
3116, 15.200045
3117, 15.194520
3118, 15.165651
3119, 15.211994
3120, 15.160974
3121, 15.212736
3122, 15.171595
3123, 15.569386
3124, 15.166946
3125, 16.105306
3126, 15.243418
3127, 15.144961
3128, 15.284988
3129, 15.174939
3130, 15.260301
3131, 15.151029
3132, 15.219882
3133, 15.784012
3134, 15.191493
3135, 15.165132
3136, 15.246285
3137, 15.166681
3138, 15.282910
3139, 15.172105
3140, 15.165646
3141, 15.210008
3142, 15.190984
3143, 15.226485
3144, 15.190985
3145, 15.584160
3146, 15.842857
3147, 15.178781
3148, 15.169012
3149, 15.200042
3150, 15.245572
3151, 15.242696
3152, 15.170303
3153, 15.210011
3154, 15.164092
3155, 15.209267
3156, 15.176220
3157, 15.173395
3158, 15.971208
3159, 15.201295
3160, 15.225756
3161, 15.163314
3162, 15.770654
3163, 15.187189
3164, 16.251830
3165, 15.204042
3166, 15.603085
3167, 15.216437
3168, 15.588757
3169, 15.170304
3170, 15.568519
3171, 15.171078
3172, 15.856851
3173, 15.276670
3174, 15.178271
3175, 15.189469
3176, 15.229897
3177, 15.219881
3178, 15.157059
3179, 15.916214
3180, 15.829470
3181, 15.216930
3182, 15.166427
3183, 15.201545
3184, 15.164353
3185, 15.192502
3186, 15.159931
3187, 15.235955
3188, 15.167980
3189, 15.268285
3190, 15.268285
3191, 15.161494
3192, 15.554387
3193, 15.196783
3194, 15.574909
3195, 15.171851
3196, 15.735947
3197, 15.237162
3198, 15.227707
3199, 15.175964
3200, 15.210259
3201, 15.169788
3202, 15.955214
3203, 15.173138
3204, 15.184155
3205, 15.650653
3206, 15.205800
3207, 15.264547
3208, 15.189986
3209, 15.223322
3210, 15.215460
3211, 15.613582
3212, 15.169279
3213, 15.590460
3214, 15.825062
3215, 15.714924
3216, 15.170052
3217, 15.653194
3218, 15.175969
3219, 15.848510
3220, 15.160195
3221, 15.170050
3222, 15.555795
3223, 15.872317
3224, 15.597382
3225, 15.176737
3226, 15.633093
3227, 15.182615
3228, 15.647125
3229, 15.166430
3230, 15.678653
3231, 15.923289
3232, 15.230385
3233, 15.189472
3234, 15.275977
3235, 15.186684
3236, 15.227465
3237, 15.214220
3238, 15.171596
3239, 15.736972
3240, 15.945754
3241, 15.208274
3242, 15.218407
3243, 15.191493
3244, 15.215205
3245, 15.216685
3246, 15.195527
3247, 15.554564
3248, 15.168239
3249, 15.879830
3250, 15.179295
3251, 15.276208
3252, 15.160193
3253, 15.230384
3254, 15.268754
3255, 15.168240
3256, 15.559646
3257, 15.927532
3258, 15.250587
3259, 15.157061
3260, 15.215700
3261, 15.186937
3262, 15.226977
3263, 15.175196
3264, 15.215946
3265, 15.202546
3266, 15.275280
3267, 15.176992
3268, 15.182104
3269, 16.862593
3270, 16.053656
3271, 15.180573
3272, 15.222576
3273, 15.165907
3274, 15.189721
3275, 15.186427
3276, 15.190734
3277, 15.156013
3278, 15.936084
3279, 15.224535
3280, 15.163054
3281, 15.219390
3282, 15.183632
3283, 15.244616
3284, 15.158366
3285, 15.165650
3286, 15.179806
3287, 15.995354
3288, 15.168239
3289, 15.161755
3290, 15.165651
3291, 15.235473
3292, 15.215699
3293, 15.169531
3294, 15.160714
3295, 15.944091
3296, 15.168240
3297, 15.167981
3298, 15.172882
3299, 15.180317
3300, 15.191746
3301, 15.183378
3302, 15.161495
3303, 15.213231
3304, 15.171853
3305, 15.191746
3306, 15.165396
3307, 15.168243
3308, 15.782198
3309, 15.195278
3310, 15.157586
3311, 15.166431
3312, 15.172370
3313, 15.221356
3314, 15.211253
3315, 15.160455
3316, 15.169017
3317, 15.272023
3318, 15.165134
3319, 15.167724
3320, 15.184651
3321, 15.225514
3322, 15.205789
3323, 15.160715
3324, 15.164615
3325, 16.077995
3326, 15.197789
3327, 15.158629
3328, 15.162537
3329, 15.176992
3330, 15.221845
3331, 15.168757
3332, 15.181594
3333, 15.162796
3334, 15.222090
3335, 15.228439
3336, 15.155491
3337, 15.159933
3338, 15.200796
3339, 15.211500
3340, 15.183884
3341, 15.161232
3342, 15.180826
3343, 15.172880
3344, 15.168754
3345, 15.176477
3346, 15.171078
3347, 16.142681
3348, 15.176477
3349, 15.172881
3350, 15.167722
3351, 15.189723
3352, 15.184141
3353, 15.170047
3354, 15.179295
3355, 15.225024
3356, 15.165391
3357, 15.187697
3358, 15.160974
3359, 15.218407
3360, 15.175196
3361, 15.167205
3362, 15.169789
3363, 15.170305
3364, 15.970283
3365, 15.166687
3366, 15.154443
3367, 15.180317
3368, 15.896567
3369, 15.206784
3370, 15.181594
3371, 15.166428
3372, 15.201296
3373, 15.219145
3374, 15.182617
3375, 15.161238
3376, 15.177251
3377, 15.802968
3378, 15.175712
3379, 15.171082
3380, 15.170824
3381, 15.225515
3382, 15.197539
3383, 15.164875
3384, 15.168500
3385, 15.207531
3386, 15.190231
3387, 15.166689
3388, 15.169791
3389, 15.190484
3390, 15.223070
3391, 15.178785
3392, 15.178273
3393, 15.171596
3394, 15.775175
3395, 15.164874
3396, 15.165133
3397, 15.175710
3398, 15.856204
3399, 15.258178
3400, 15.160454
3401, 15.178529
3402, 15.179040
3403, 15.262186
3404, 15.167982
3405, 15.197036
3406, 15.894944
3407, 15.159933
3408, 15.169787
3409, 15.169271
3410, 15.163833
3411, 15.968192
3412, 15.156536
3413, 15.159149
3414, 15.152343
3415, 15.213971
3416, 15.185920
3417, 15.161755
3418, 15.173654
3419, 15.235473
3420, 15.184396
3421, 15.152606
3422, 15.177247
3423, 15.222334
3424, 15.193512
3425, 15.183123
3426, 15.185667
3427, 15.164614
3428, 15.218899
3429, 15.166687
3430, 15.172110
3431, 15.161495
3432, 15.882365
3433, 15.169015
3434, 15.158106
3435, 15.174169
3436, 15.896817
3437, 15.518613
3438, 15.164354
3439, 15.172883
3440, 15.179807
3441, 15.239815
3442, 15.165149
3443, 15.164370
3444, 15.170577
3445, 15.802704
3446, 15.175976
3447, 15.179305
3448, 15.176744
3449, 15.177256
3450, 15.183386
3451, 15.159418
3452, 15.171344
3453, 15.218413
3454, 15.184910
3455, 15.172115
3456, 15.170827
3457, 15.173402
3458, 15.352374
3459, 15.170568
3460, 15.177508
3461, 15.172114
3462, 15.229172
3463, 15.179043
3464, 15.171598
3465, 15.172113
3466, 15.817390
3467, 15.174685
3468, 15.163578
3469, 15.170824
3470, 15.182871
3471, 15.157063
3472, 15.178530
3473, 15.176738
3474, 15.174685
3475, 15.840490
3476, 15.162798
3477, 15.179042
3478, 15.162538
3479, 15.172113
3480, 15.197038
3481, 15.180575
3482, 15.169792
3483, 15.237649
3484, 15.199797
3485, 15.170308
3486, 15.169534
3487, 15.228441
3488, 15.161497
3489, 15.170566
3490, 15.178274
3491, 16.112373
3492, 15.228684
3493, 15.165653
3494, 15.178786
3495, 15.166690
3496, 15.233782
3497, 15.222091
3498, 15.165394
3499, 15.176994
3500, 15.228441
3501, 15.829073
3502, 15.162798
3503, 15.167466
3504, 15.193766
3505, 15.943974
3506, 15.162798
3507, 15.166172
3508, 15.165394
3509, 16.125323
3510, 15.173106
3511, 15.167176
3512, 15.183351
3513, 15.232544
3514, 15.159651
