32.98
37.11
36.36
36.63
38.24
36.46
34
33.67
42.57
39.18
32.29
34.38
37.76
35.05
32.29
37
38.38
30.85
31.58
36.36
35.42
35.05
32.65
32.29
34.38
35.05
37.37
34.65
36.73
36.73
31.91
45.83
35
37.11
36.73
34.65
31.96
36.36
36.73
36.08
35.35
30.93
35.35
36.46
35.05
35.05
31.58
28.72
32.65
38.61
36.73
37
29.47
32.63
35.79
36.36
33.67
37.11
37.11
31.96
34.34
37.76
34.74
29.47
32.99
38
34.04
35.05
31.25
34.02
35.71
33.68
36.46
31.58
29.35
31.91
35.79
34.38
30.21
32.29
34.38
36.84
34.69
33.67
31.96
39.6
38.24
32.99
37
34.04
36.36
31.58
33.67
32.99
33.33
36.73
37.76
35
34.38
37.37
34.38
32.99
33.33
34.74
32.98
36.36
31.96
35
35.11
35.42
28.72
30.85
36.73
38.38
34.38
36
31.96
32.99
36.73
34.02
36.08
32.63
33.33
30.21
31.63
34.74
33.33
36.36
30.93
32.99
32.98
34.38
35.42
35.05
35.05
33
31.63
34.02
32.63
37.37
36.36
35.71
33.68
31.91
34
32.29
35.71
35.71
33.33
31.18
31.96
31.96
34.38
34.78
34
31.96
36.08
33.33
36.73
32.29
33.68
35.42
34.74
36.36
30.85
31.25
36.46
36.36
31.18
36.36
34.38
36.56
33.67
30.53
32.29
39.6
36.36
32.99
36
35.42
34.02
