11.46
14
13.27
7.53
10.53
8.51
7.53
11.46
14
12.9
14.14
9.57
13
8.51
9.47
9.68
7.61
13.54
8.7
13.27
16.49
15.84
10.64
13.27
15.46
11.46
7.53
9.57
11.34
8.6
14
6.59
8.51
6.52
9.57
6.52
14.14
6.45
7.53
7.61
6.67
14.14
6.59
7.69
13.27
10.53
11.46
10.42
7.53
12.37
6.52
9.57
9.47
9.57
10
9.57
8.51
10.42
12.37
9.47
11.22
7.53
11.58
10.53
11.58
13.27
12.5
12.5
9.57
13.13
17.35
8.6
8.51
6.52
11.96
8.51
11.46
11.34
11.46
9.47
10.42
9.57
7.53
9.28
10.42
14.14
9.68
10.53
10.64
12.37
10.53
10.64
14
14.14
10.42
10.53
8.51
9.57
11.34
6.52
11.34
14.14
9.47
13.13
14
6.59
9.28
12.12
16.83
12.5
9.57
13.4
9.57
10.64
10.53
12.5
7.53
8.51
9.57
11.34
12.24
11.46
9.47
10.53
10.42
10.53
14
11.46
14.14
8.51
10.31
8.51
14
9.68
13.27
5.62
13.27
9.78
7.61
7.53
15
8.51
8.6
10.42
10.53
10.42
11.34
8.7
11.34
9.47
8.6
12.24
5.56
8.51
4.4
7.45
9.47
13.4
13.27
11.58
4.49
11.58
12.37
8.7
8.51
12.24
18.37
8.51
9.47
17.48
6.52
11.46
10.42
10.53
8.6
13.13
14.14
8.6
12
10.31
9.47
10.64
11.46
10.64
14.14
9.57
14.29
13.4
9.47
10
7.61
8.51
12.24
13.27
13.13
8.6
9.47
31.25
5.56
14
7.61
12.24
18.63
5.49
7.45
14.85
11.58
10.53
12.5
16
15.15
10.53
8.7
14.85
9.57
13.13
12.37
12.24
14.14
11.34
7.53
10.53
8.51
12.37
9.47
11.46
10.42
11.58
10.31
6.45
10.42
12.5
13.54
14.14
8.7
15.15
14.14
13.4
12.24
13.27
10.42
12.37
9.47
7.61
